0.000000000000000000e+00
0.000000000000000000e+00
0.000000000000000000e+00
0.000000000000000000e+00
0.000000000000000000e+00
0.000000000000000000e+00
0.000000000000000000e+00
0.000000000000000000e+00
0.000000000000000000e+00
0.000000000000000000e+00
0.000000000000000000e+00
0.000000000000000000e+00
0.000000000000000000e+00
0.000000000000000000e+00
0.000000000000000000e+00
0.000000000000000000e+00
0.000000000000000000e+00
0.000000000000000000e+00
0.000000000000000000e+00
0.000000000000000000e+00
0.000000000000000000e+00
0.000000000000000000e+00
0.000000000000000000e+00
0.000000000000000000e+00
0.000000000000000000e+00
0.000000000000000000e+00
0.000000000000000000e+00
0.000000000000000000e+00
0.000000000000000000e+00
0.000000000000000000e+00
0.000000000000000000e+00
0.000000000000000000e+00
0.000000000000000000e+00
0.000000000000000000e+00
0.000000000000000000e+00
0.000000000000000000e+00
0.000000000000000000e+00
0.000000000000000000e+00
0.000000000000000000e+00
2.865977070954565775e+01
4.732574682922265197e+01
6.629433071116936560e+01
8.508576820162915055e+01
9.311815840920824883e+01
9.681022500438372447e+01
1.020085984790626412e+02
1.092510033682329436e+02
1.189625581508330754e+02
1.279320104696795966e+02
1.279320104696795966e+02
1.279320104696795966e+02
1.279320104696795966e+02
1.279320104696795966e+02
1.279320104696795966e+02
1.279320104696795966e+02
1.279320104696795966e+02
1.279320104696795966e+02
1.279320104696795966e+02
1.279320104696795966e+02
1.279320104696795966e+02
1.279320104696795966e+02
1.279320104696795966e+02
1.279320104696795966e+02
1.279320104696795966e+02
1.279320104696795966e+02
1.279320104696795966e+02
1.279320104696795966e+02
1.279320104696795966e+02
1.279320104696795966e+02
1.279320104696795966e+02
1.279320104696795966e+02
1.279320104696795966e+02
1.279320104696795966e+02
1.279320104696795966e+02
1.279320104696795966e+02
1.279320104696795966e+02
1.279320104696795966e+02
1.279320104696795966e+02
1.279320104696795966e+02
1.279320104696795966e+02
1.279320104696795966e+02
1.279320104696795966e+02
1.279320104696795966e+02
1.279320104696795966e+02
1.279320104696795966e+02
1.279320104696795966e+02
1.279320104696795966e+02
1.279320104696795966e+02
1.279320104696795966e+02
1.279320104696795966e+02
1.279320104696795966e+02
1.279320104696795966e+02
1.279320104696795966e+02
1.279320104696795966e+02
1.279320104696795966e+02
1.279320104696795966e+02
1.279320104696795966e+02
1.279320104696795966e+02
1.279320104696795966e+02
1.279320104696795966e+02
