-2.799999999999999711e-01
-2.099999999999999645e-01
-1.399999999999999856e-01
-7.000000000000000666e-02
0.000000000000000000e+00
7.000000000000000666e-02
1.399999999999999578e-01
2.099999999999999645e-01
2.799999999999999711e-01
3.499999999999999223e-01
4.199999999999999845e-01
4.899999999999999356e-01
5.599999999999998312e-01
6.299999999999998934e-01
6.999999999999999556e-01
7.699999999999997957e-01
8.399999999999998579e-01
9.099999999999999201e-01
9.799999999999997602e-01
1.049999999999999822e+00
1.119999999999999885e+00
1.189999999999999725e+00
1.259999999999999787e+00
1.329999999999999849e+00
1.399999999999999689e+00
1.469999999999999751e+00
1.539999999999999813e+00
1.609999999999999876e+00
1.679999999999999716e+00
1.749999999999999778e+00
1.819999999999999618e+00
1.889999999999999902e+00
1.959999999999999742e+00
2.029999999999999805e+00
2.100000000000000089e+00
2.169999999999999929e+00
2.239999999999999769e+00
2.310000000000000053e+00
2.379999999999999893e+00
2.449999999999999734e+00
2.520000000000000018e+00
2.589999999999999858e+00
2.659999999999999698e+00
2.729999999999999982e+00
2.799999999999999822e+00
2.869999999999999662e+00
2.939999999999999947e+00
3.009999999999999787e+00
3.079999999999999627e+00
3.149999999999999911e+00
3.219999999999999751e+00
3.290000000000000036e+00
3.359999999999999876e+00
3.429999999999999716e+00
3.500000000000000000e+00
3.569999999999999840e+00
3.639999999999999680e+00
3.709999999999999964e+00
3.779999999999999805e+00
3.850000000000000089e+00
3.919999999999999485e+00
3.989999999999999769e+00
4.059999999999999609e+00
4.129999999999999005e+00
4.199999999999999289e+00
4.269999999999999574e+00
4.339999999999998970e+00
4.409999999999999254e+00
4.479999999999999538e+00
4.549999999999998934e+00
4.619999999999999218e+00
4.689999999999999503e+00
4.759999999999998899e+00
4.829999999999999183e+00
4.899999999999999467e+00
4.969999999999998863e+00
5.039999999999999147e+00
5.109999999999999432e+00
5.179999999999998828e+00
5.249999999999999112e+00
5.319999999999999396e+00
5.389999999999998792e+00
5.459999999999999076e+00
5.529999999999999361e+00
5.599999999999998757e+00
5.669999999999999041e+00
5.739999999999999325e+00
5.809999999999998721e+00
5.879999999999999005e+00
5.949999999999999289e+00
6.019999999999998685e+00
6.089999999999998970e+00
6.159999999999999254e+00
6.229999999999998650e+00
6.299999999999998934e+00
6.369999999999999218e+00
6.439999999999998614e+00
6.509999999999998899e+00
6.579999999999999183e+00
6.649999999999999467e+00
